Academic license - for non-commercial use only
#states     factor     time-vi    time-2lp  
        25      -0.99    0.08013    0.00430
        25      -0.98    0.07423    0.00309
        25      -0.97    0.07626    0.00404
        25      -0.96    0.07903    0.00303
        25      -0.95    0.07581    0.00360
        25      -0.94    0.07437    0.00505
        25      -0.93    0.09444    0.00391
        25      -0.92    0.08763    0.00497
        25      -0.91    0.08593    0.00441
        25      -0.90    0.08131    0.00305
        25      -0.89    0.08314    0.00308
        25      -0.88    0.08126    0.00331
        25      -0.87    0.08374    0.00375
        25      -0.86    0.08417    0.00317
        25      -0.85    0.08615    0.00315
        25      -0.84    0.08424    0.00306
        25      -0.83    0.08958    0.00320
        25      -0.82    0.08992    0.00313
        25      -0.81    0.08683    0.00307
        25      -0.80    0.09012    0.00311
        25      -0.79    0.11900    0.00311
        25      -0.78    0.09251    0.00307
        25      -0.77    0.09181    0.00308
        25      -0.76    0.09123    0.00309
        25      -0.75    0.09045    0.00313
        25      -0.74    0.08927    0.00307
        25      -0.73    0.09101    0.00311
        25      -0.72    0.09291    0.00309
        25      -0.71    0.09511    0.00308
        25      -0.70    0.10485    0.00309
        25      -0.69    0.09669    0.00310
        25      -0.68    0.10296    0.00310
        25      -0.67    0.10079    0.00325
        25      -0.66    0.09990    0.00307
        25      -0.65    0.10109    0.00313
        25      -0.64    0.10196    0.00308
        25      -0.63    0.10534    0.00316
        25      -0.62    0.10500    0.00308
        25      -0.61    0.11168    0.00307
        25      -0.60    0.10919    0.00307
        25      -0.59    0.11559    0.00398
        25      -0.58    0.11103    0.00305
        25      -0.57    0.11893    0.00335
        25      -0.56    0.11608    0.00306
        25      -0.55    0.11949    0.00312
        25      -0.54    0.12533    0.00308
        25      -0.53    0.12523    0.00306
        25      -0.52    0.12223    0.00306
        25      -0.51    0.12444    0.00321
        25      -0.50    0.12791    0.00308
        25      -0.49    0.12535    0.00309
        25      -0.48    0.13128    0.00308
        25      -0.47    0.13421    0.00308
        25      -0.46    0.14320    0.00310
        25      -0.45    0.13444    0.00310
        25      -0.44    0.14009    0.00312
        25      -0.43    0.14156    0.00313
        25      -0.42    0.14508    0.00311
        25      -0.41    0.14122    0.00326
        25      -0.40    0.13897    0.00314
        25      -0.39    0.02985    0.00305
        25      -0.38    0.03258    0.00299
        25      -0.37    0.06233    0.00379
        25      -0.36    0.03252    0.00297
        25      -0.35    0.03064    0.00306
        25      -0.34    0.03412    0.00302
        25      -0.33    0.03292    0.00309
        25      -0.32    0.06584    0.00309
        25      -0.31    0.08309    0.00309
        25      -0.30    0.08068    0.00312
        25      -0.29    0.08229    0.00311
        25      -0.28    0.07935    0.00312
        25      -0.27    0.07984    0.00321
        25      -0.26    0.08879    0.00405
        25      -0.25    0.08859    0.00311
        25      -0.24    0.09252    0.00324
        25      -0.23    0.08647    0.00312
        25      -0.22    0.09326    0.00352
        25      -0.21    0.09276    0.00345
        25      -0.20    0.08830    0.00311
        25      -0.19    0.09269    0.00344
        25      -0.18    0.09650    0.00315
        25      -0.17    0.09305    0.00316
        25      -0.16    0.10124    0.00313
        25      -0.15    0.09291    0.00346
        25      -0.14    0.09473    0.00611
        25      -0.13    0.09693    0.00310
        25      -0.12    0.09543    0.00340
        25      -0.11    0.09842    0.00309
        25      -0.10    0.09647    0.00312
        25      -0.09    0.09875    0.00311
        25      -0.08    0.10081    0.00313
        25      -0.07    0.10707    0.00403
        25      -0.06    0.10536    0.00315
        25      -0.05    0.10984    0.00312
        25      -0.04    0.10434    0.00314
        25      -0.03    0.10991    0.00312
        25      -0.02    0.10682    0.00317
        25      -0.01    0.11280    0.00394
        25       0.00    0.02888    0.00388
        25       0.01    0.10788    0.00308
        25       0.02    0.10946    0.00306
        25       0.03    0.11244    0.00304
        25       0.04    0.11538    0.00305
        25       0.05    0.11496    0.00302
        25       0.06    0.12909    0.00304
        25       0.07    0.11937    0.00363
        25       0.08    0.12375    0.00303
        25       0.09    0.12581    0.00305
        25       0.10    0.12407    0.00309
        25       0.11    0.13423    0.00305
        25       0.12    0.16124    0.00305
        25       0.13    0.13670    0.00305
        25       0.14    0.14223    0.00312
        25       0.15    0.14222    0.00305
        25       0.16    0.13804    0.00374
        25       0.17    0.15128    0.00305
        25       0.18   -1.00000    0.00308
        25       0.19   -1.00000    0.00303
        25       0.20   -1.00000    0.00306
        25       0.21    0.10055    0.00305
        25       0.22    0.09644    0.00311
        25       0.23    0.09333    0.00305
        25       0.24    0.10084    0.00305
        25       0.25    0.09776    0.00306
        25       0.26    0.09934    0.00304
        25       0.27    0.10100    0.00426
        25       0.28    0.10885    0.00306
        25       0.29    0.10223    0.00332
        25       0.30    0.10631    0.00306
        25       0.31    0.10597    0.00303
        25       0.32    0.10592    0.00303
        25       0.33    0.11218    0.00303
        25       0.34    0.11698    0.00310
        25       0.35    0.11351    0.00304
        25       0.36    0.11946    0.00303
        25       0.37    0.11713    0.00303
        25       0.38    0.12335    0.00305
        25       0.39    0.11957    0.00304
        25       0.40    0.12528    0.00311
        25       0.41    0.12434    0.00338
        25       0.42    0.12500    0.00304
        25       0.43    0.04239    0.00377
        25       0.44    0.03646    0.00303
        25       0.45    0.03207    0.00317
        25       0.46    0.03173    0.00312
        25       0.47    0.03057    0.00298
        25       0.48    0.02924    0.00307
        25       0.49    0.02927    0.00305
        25       0.50    0.02887    0.00297
        25       0.51    0.02969    0.00305
        25       0.52    0.02747    0.00306
        25       0.53    0.02706    0.00296
        25       0.54    0.02798    0.00304
        25       0.55    0.02706    0.00295
        25       0.56    0.02703    0.00295
        25       0.57    0.02808    0.00303
        25       0.58    0.02715    0.00299
        25       0.59    0.02713    0.00339
        25       0.60    0.02758    0.00308
        25       0.61    0.02752    0.00307
        25       0.62    0.02878    0.00305
        25       0.63    0.02721    0.00304
        25       0.64    0.02699    0.00290
        25       0.65    0.02798    0.00305
        25       0.66    0.02698    0.00294
        25       0.67    0.02703    0.00300
        25       0.68    0.02834    0.00332
        25       0.69    0.02740    0.00294
        25       0.70    0.02795    0.00299
        25       0.71    0.02875    0.00303
        25       0.72    0.02743    0.00296
        25       0.73    0.02763    0.00306
        25       0.74    0.02700    0.00299
        25       0.75    0.02758    0.00302
        25       0.76    0.02783    0.00302
        25       0.77    0.02710    0.00296
        25       0.78    0.02709    0.00293
        25       0.79    0.02799    0.00302
        25       0.80    0.02709    0.00293
        25       0.81    0.02696    0.00291
        25       0.82    0.02787    0.01605
        25       0.83    0.02710    0.00299
        25       0.84    0.02839    0.00305
        25       0.85    0.02698    0.00293
        25       0.86    0.02707    0.00292
        25       0.87    0.02957    0.00305
        25       0.88    0.02787    0.00307
        25       0.89    0.02740    0.00310
        25       0.90    0.02756    0.00302
        25       0.91    0.02769    0.00294
        25       0.92    0.02756    0.00303
        25       0.93    0.02784    0.00295
        25       0.94    0.02801    0.00298
        25       0.95    0.02776    0.00302
        25       0.96    0.02746    0.00294
        25       0.97    0.02795    0.00305
        25       0.98    0.02764    0.00301
        25       0.99    0.02789    0.00294
        25       1.00    0.02778    0.00317
        75      -0.99    0.78246    0.00929
        75      -0.98    0.79036    0.00943
        75      -0.97    0.79766    0.00924
        75      -0.96    0.80385    0.00924
        75      -0.95    0.82610    0.00935
        75      -0.94    0.84493    0.00928
        75      -0.93    0.83631    0.00926
        75      -0.92    0.84092    0.00975
        75      -0.91    0.82628    0.00962
        75      -0.90    0.83644    0.00933
        75      -0.89    0.86110    0.00928
        75      -0.88    0.85223    0.00928
        75      -0.87    0.86951    0.00924
        75      -0.86    0.90851    0.00931
        75      -0.85    0.86581    0.00929
        75      -0.84    0.87675    0.00926
        75      -0.83    0.92792    0.00928
        75      -0.82    0.89839    0.00923
        75      -0.81    0.91714    0.00981
        75      -0.80    0.89602    0.00921
        75      -0.79    0.91704    0.00939
        75      -0.78    0.97216    0.00933
        75      -0.77    0.94792    0.00932
        75      -0.76    0.97071    0.00947
        75      -0.75    1.01043    0.01253
        75      -0.74    0.96163    0.00961
        75      -0.73    0.99865    0.00933
        75      -0.72    0.98206    0.00930
        75      -0.71    1.00532    0.00925
        75      -0.70    1.09096    0.00951
        75      -0.69    0.99213    0.00928
        75      -0.68    1.04957    0.00978
        75      -0.67    1.02691    0.00937
        75      -0.66    1.08734    0.00926
        75      -0.65    1.05848    0.00917
        75      -0.64    1.14664    0.00934
        75      -0.63    1.13300    0.00922
        75      -0.62    1.09723    0.01317
        75      -0.61    1.09227    0.00975
        75      -0.60    1.17484    0.00919
        75      -0.59    1.18134    0.00956
        75      -0.58    1.18010    0.00930
        75      -0.57    1.18398    0.00938
        75      -0.56    1.20699    0.01013
        75      -0.55    1.21773    0.00932
        75      -0.54    1.25423    0.00942
        75      -0.53    1.24774    0.01037
        75      -0.52    1.25360    0.00950
        75      -0.51    1.31175    0.00946
        75      -0.50    1.29724    0.00987
        75      -0.49    1.33576    0.00971
        75      -0.48    1.36686    0.01031
        75      -0.47    1.33653    0.00983
        75      -0.46    1.43105    0.00972
        75      -0.45    1.40018    0.00994
        75      -0.44    1.40924    0.01055
        75      -0.43    1.46020    0.00976
        75      -0.42    1.47994    0.00973
        75      -0.41    1.51054    0.01006
        75      -0.40    1.47633    0.00964
        75      -0.39    1.53485    0.00967
        75      -0.38    1.59132    0.01047
        75      -0.37    1.61937    0.00965
        75      -0.36    1.65857    0.00958
        75      -0.35    1.72131    0.01031
        75      -0.34    1.69877    0.00937
        75      -0.33    1.75281    0.00975
        75      -0.32    1.91100    0.00997
        75      -0.31    1.88231    0.00964
        75      -0.30    1.89504    0.01045
        75      -0.29    2.04288    0.01446
        75      -0.28    2.00692    0.00979
        75      -0.27    2.07774    0.01030
        75      -0.26    2.16019    0.01028
        75      -0.25    2.26065    0.00965
        75      -0.24    2.30000    0.00990
        75      -0.23    2.40809    0.01024
        75      -0.22    2.51643    0.00992
        75      -0.21    2.72507    0.00991
        75      -0.20    2.59072    0.01033
        75      -0.19    2.78631    0.01013
        75      -0.18    2.89484    0.00994
        75      -0.17    2.99024    0.00990
        75      -0.16    3.22504    0.00948
        75      -0.15    3.24610    0.00967
        75      -0.14    3.38403    0.01057
        75      -0.13    3.63476    0.00950
        75      -0.12    3.62316    0.00967
        75      -0.11    3.92377    0.01009
        75      -0.10    4.21841    0.00967
        75      -0.09    4.35671    0.00973
        75      -0.08    4.68757    0.01053
        75      -0.07    5.02150    0.00983
        75      -0.06    5.65747    0.01039
        75      -0.05    5.74914    0.01074
        75      -0.04    6.42694    0.00999
        75      -0.03    7.01238    0.01009
        75      -0.02    7.07970    0.01057
        75      -0.01    8.08082    0.01007
        75       0.00    1.44236    0.00900
        75       0.01   10.01101    0.01218
        75       0.02   11.34463    0.00965
        75       0.03   14.12903    0.00993
        75       0.04    1.76155    0.01018
        75       0.05    1.91816    0.00944
        75       0.06    1.74032    0.00953
        75       0.07    1.66886    0.00929
        75       0.08    1.65972    0.00990
        75       0.09    1.69541    0.00921
        75       0.10    1.69669    0.00917
        75       0.11    1.69795    0.00958
        75       0.12    1.68476    0.00991
        75       0.13    1.75834    0.00956
        75       0.14    1.67012    0.00909
        75       0.15    1.73442    0.00911
        75       0.16    1.72344    0.00908
        75       0.17    1.75507    0.00908
        75       0.18    1.81717    0.00911
        75       0.19    1.24003    0.00954
        75       0.20    1.25700    0.00911
        75       0.21    1.24233    0.00907
        75       0.22    1.27388    0.00953
        75       0.23    1.26557    0.00951
        75       0.24    1.31920    0.00912
        75       0.25    1.32347    0.00913
        75       0.26    1.34978    0.00968
        75       0.27    1.29158    0.00939
        75       0.28    1.30809    0.00940
        75       0.29    1.33736    0.00904
        75       0.30    1.38136    0.00916
        75       0.31    1.33783    0.00904
        75       0.32    1.40442    0.00935
        75       0.33    1.43033    0.00922
        75       0.34    1.41590    0.01020
        75       0.35    1.43291    0.01171
        75       0.36    1.45905    0.00909
        75       0.37    1.47496    0.00904
        75       0.38    1.47203    0.00917
        75       0.39    1.50335    0.00963
        75       0.40    0.80245    0.00971
        75       0.41    0.77555    0.00904
        75       0.42    0.78812    0.00912
        75       0.43    0.77569    0.00902
        75       0.44    0.78939    0.00902
        75       0.45    0.78185    0.00955
        75       0.46    0.81578    0.00904
        75       0.47    0.78994    0.00900
        75       0.48    0.78855    0.00904
        75       0.49    0.77343    0.00897
        75       0.50    0.77200    0.00906
        75       0.51    0.76277    0.00930
        75       0.52    0.79402    0.00899
        75       0.53    0.76705    0.00919
        75       0.54    0.76713    0.00922
        75       0.55    0.76808    0.00933
        75       0.56    0.76528    0.00960
        75       0.57    0.76775    0.00937
        75       0.58    0.76525    0.02527
        75       0.59    0.78580    0.00940
        75       0.60    0.77333    0.00903
        75       0.61    0.78181    0.00903
        75       0.62    0.76633    0.00914
        75       0.63    0.77344    0.00905
        75       0.64    0.77280    0.00967
        75       0.65    0.79692    0.01013
        75       0.66    0.77966    0.00929
        75       0.67    0.77557    0.00899
        75       0.68    0.77216    0.00904
        75       0.69    0.76854    0.00900
        75       0.70    0.76719    0.01212
        75       0.71    0.80413    0.01432
        75       0.72    0.77470    0.00940
        75       0.73    0.76474    0.00959
        75       0.74    0.76484    0.01053
        75       0.75    0.77415    0.00914
        75       0.76    0.77893    0.00934
        75       0.77    0.80650    0.00957
        75       0.78    0.76539    0.00917
        75       0.79    0.75643    0.00922
        75       0.80    0.75891    0.00955
        75       0.81    0.75888    0.00938
        75       0.82    0.75938    0.00901
        75       0.83    0.78619    0.00930
        75       0.84    0.74238    0.00984
        75       0.85    0.74965    0.00909
        75       0.86    0.75744    0.00950
        75       0.87    0.75230    0.00900
        75       0.88    0.74798    0.00926
        75       0.89    0.75834    0.00936
        75       0.90    0.78690    0.00916
        75       0.91    0.75625    0.00913
        75       0.92    0.75753    0.00931
        75       0.93    0.75891    0.00900
        75       0.94    0.75754    0.01072
        75       0.95    0.75869    0.01000
        75       0.96    0.78663    0.00913
        75       0.97    0.76044    0.00929
        75       0.98    0.75978    0.00939
        75       0.99    0.76787    0.00904
        75       1.00    0.75795    0.00991
       125      -0.99    2.54029    0.01604
       125      -0.98    2.55562    0.02076
       125      -0.97    2.56366    0.01581
       125      -0.96    2.63290    0.01645
       125      -0.95    2.63604    0.01615
       125      -0.94    2.62074    0.01608
       125      -0.93    2.66359    0.01694
       125      -0.92    2.76377    0.01685
       125      -0.91    2.78303    0.01712
       125      -0.90    2.83824    0.01641
       125      -0.89    2.69422    0.01592
       125      -0.88    2.81928    0.01664
       125      -0.87    2.74452    0.01616
       125      -0.86    2.74581    0.01871
       125      -0.85    2.71341    0.01620
       125      -0.84    2.88034    0.01699
       125      -0.83    2.95709    0.01622
       125      -0.82    2.94335    0.01798
       125      -0.81    3.03649    0.01686
       125      -0.80    2.94396    0.01938
       125      -0.79    2.88141    0.02297
       125      -0.78    3.01726    0.01869
       125      -0.77    2.94264    0.01728
       125      -0.76    3.09564    0.01675
       125      -0.75    2.98862    0.01623
       125      -0.74    2.96100    0.01697
       125      -0.73    3.04573    0.01681
       125      -0.72    3.12923    0.01696
       125      -0.71    3.15100    0.01609
       125      -0.70    3.12461    0.01669
       125      -0.69    3.23076    0.01708
       125      -0.68    3.14430    0.01639
       125      -0.67    3.21450    0.01668
       125      -0.66    3.20365    0.01613
       125      -0.65    3.35160    0.01621
       125      -0.64    3.34871    0.01599
       125      -0.63    3.64602    0.01817
       125      -0.62    3.57735    0.01727
       125      -0.61    3.53897    0.01673
       125      -0.60    3.43291    0.02107
       125      -0.59    3.48474    0.01648
       125      -0.58    3.74219    0.01711
       125      -0.57    3.47509    0.01734
       125      -0.56    3.71848    0.01679
       125      -0.55    3.64235    0.01689
       125      -0.54    3.88751    0.01834
       125      -0.53    3.78394    0.01675
       125      -0.52    3.87705    0.01751
       125      -0.51    3.84434    0.01654
       125      -0.50    3.83038    0.01769
       125      -0.49    4.05121    0.01718
       125      -0.48    4.08149    0.01766
       125      -0.47    3.99893    0.01652
       125      -0.46    4.13629    0.01669
       125      -0.45    4.14055    0.01789
       125      -0.44    4.21230    0.01608
       125      -0.43    4.47152    0.01759
       125      -0.42    4.31997    0.01653
       125      -0.41    4.32968    0.02087
       125      -0.40    4.39044    0.01658
       125      -0.39    4.67671    0.01632
       125      -0.38    4.56848    0.01671
       125      -0.37    4.75968    0.01625
       125      -0.36    4.80638    0.01791
       125      -0.35    4.86556    0.01680
       125      -0.34    5.07064    0.01680
       125      -0.33    5.06173    0.01854
       125      -0.32    5.45769    0.01778
       125      -0.31    5.40968    0.01831
       125      -0.30    5.46350    0.01836
       125      -0.29    6.11186    0.01757
       125      -0.28    5.79580    0.01736
       125      -0.27    5.98494    0.01757
       125      -0.26    6.19444    0.01875
       125      -0.25    6.50012    0.01756
       125      -0.24    6.62729    0.01813
       125      -0.23    6.87686    0.01819
       125      -0.22    7.14214    0.01797
       125      -0.21    7.66650    0.01827
       125      -0.20    7.34684    0.01918
       125      -0.19    7.84256    0.01764
       125      -0.18    8.17063    0.01703
       125      -0.17    8.44984    0.01663
       125      -0.16    9.10910    0.01647
       125      -0.15    9.37623    0.01964
       125      -0.14    9.69626    0.01739
       125      -0.13   10.38572    0.02040
       125      -0.12   10.51220    0.01801
       125      -0.11   11.18220    0.01648
       125      -0.10   12.13417    0.01792
       125      -0.09   12.47040    0.01727
       125      -0.08   13.52848    0.01713
       125      -0.07   14.43184    0.01891
       125      -0.06   16.30952    0.01790
       125      -0.05   16.50057    0.01782
       125      -0.04   18.19182    0.01780
       125      -0.03   20.08114    0.01807
       125      -0.02   20.56793    0.01914
       125      -0.01   23.69070    0.01799
       125       0.00    6.04893    0.01907
       125       0.01   29.05259    0.01980
       125       0.02   32.50272    0.01900
       125       0.03   40.66987    0.01922
       125       0.04   52.31455    0.01753
       125       0.05   -1.00000    0.01868
       125       0.06   -1.00000    0.01835
       125       0.07   -1.00000    0.01824
       125       0.08   13.43503    0.01792
       125       0.09    9.15114    0.01905
       125       0.10    7.83947    0.01841
       125       0.11    7.24847    0.01761
       125       0.12    6.91828    0.01917
       125       0.13    6.58977    0.01687
       125       0.14    6.51098    0.01739
       125       0.15    6.39210    0.01773
       125       0.16    6.41703    0.01737
       125       0.17    6.45337    0.01782
       125       0.18    6.41869    0.01745
       125       0.19    4.81929    0.01672
       125       0.20    4.72095    0.01736
       125       0.21    4.87414    0.02094
       125       0.22    4.71896    0.02092
       125       0.23    4.71052    0.01900
       125       0.24    4.73941    0.01774
       125       0.25    4.68540    0.01693
       125       0.26    4.73207    0.01723
       125       0.27    4.68932    0.01756
       125       0.28    4.74777    0.01697
       125       0.29    4.70298    0.01781
       125       0.30    4.87747    0.02033
       125       0.31    4.92736    0.01761
       125       0.32    4.88536    0.01752
       125       0.33    4.84296    0.01851
       125       0.34    4.95242    0.02191
       125       0.35    5.02803    0.01673
       125       0.36    5.02087    0.01777
       125       0.37    5.04648    0.01774
       125       0.38    5.08269    0.01713
       125       0.39    5.29580    0.01760
       125       0.40    3.76804    0.01667
       125       0.41    3.74608    0.01855
       125       0.42    3.78885    0.01759
       125       0.43    3.74683    0.01654
       125       0.44    3.73347    0.01666
       125       0.45    3.69439    0.01683
       125       0.46    3.78930    0.01761
       125       0.47    3.78130    0.01676
       125       0.48    3.72368    0.01761
       125       0.49    3.65670    0.01698
       125       0.50    3.69934    0.01732
       125       0.51    3.66544    0.01707
       125       0.52    3.72809    0.01717
       125       0.53    3.67279    0.02166
       125       0.54    3.70273    0.01674
       125       0.55    3.70591    0.01748
       125       0.56    3.64723    0.01753
       125       0.57    3.64029    0.02166
       125       0.58    3.64294    0.01715
       125       0.59    3.67887    0.01819
       125       0.60    3.65505    0.01776
       125       0.61    3.63791    0.02096
       125       0.62    3.63832    0.01650
       125       0.63    3.67594    0.01804
       125       0.64    3.63909    0.01771
       125       0.65    3.57774    0.01839
       125       0.66    3.60860    0.01938
       125       0.67    3.62939    0.01707
       125       0.68    3.61972    0.01798
       125       0.69    3.55499    0.01704
       125       0.70    3.61501    0.01840
       125       0.71    3.57243    0.01683
       125       0.72    3.59678    0.02059
       125       0.73    3.56745    0.01693
       125       0.74    3.58590    0.01729
       125       0.75    3.59153    0.01743
       125       0.76    3.62050    0.01700
       125       0.77    3.58711    0.01798
       125       0.78    3.57868    0.01686
       125       0.79    3.55979    0.01721
       125       0.80    3.53688    0.01743
       125       0.81    3.54507    0.01774
       125       0.82    3.57911    0.01710
       125       0.83    3.56585    0.01633
       125       0.84    3.48861    0.01805
       125       0.85    3.57416    0.01692
       125       0.86    3.53478    0.01671
       125       0.87    3.51913    0.01695
       125       0.88    3.53677    0.01650
       125       0.89    3.57757    0.01880
       125       0.90    3.52987    0.01806
       125       0.91    3.56337    0.02074
       125       0.92    3.56153    0.01692
       125       0.93    3.58650    0.01624
       125       0.94    3.54331    0.01764
       125       0.95    3.55461    0.01638
       125       0.96    3.55277    0.01796
       125       0.97    3.53761    0.01685
       125       0.98    3.55244    0.01816
       125       0.99    3.50147   -1.00000
       125       1.00    3.52592    0.01670
       175      -0.99    5.85405    0.02255
       175      -0.98    5.87969    0.02263
       175      -0.97    5.79931    0.03775
       175      -0.96    5.81284    0.02301
       175      -0.95    5.80923    0.02882
       175      -0.94    5.71421    0.02316
       175      -0.93    5.85633    0.02570
       175      -0.92    6.16611    0.02284
       175      -0.91    5.99387    0.02285
       175      -0.90    6.28300    0.02336
       175      -0.89    5.92101    0.02332
       175      -0.88    6.05144    0.02473
       175      -0.87    6.16971    0.02276
       175      -0.86    6.07208    0.02243
       175      -0.85    6.14765    0.02562
       175      -0.84    6.28572    0.02403
       175      -0.83    6.25558    0.02289
       175      -0.82    6.47415    0.02461
       175      -0.81    6.36806    0.02354
       175      -0.80    6.28688    0.02302
       175      -0.79    6.41180    0.02311
       175      -0.78    6.31108    0.02332
       175      -0.77    6.34489    0.02378
       175      -0.76    6.49405    0.02866
       175      -0.75    6.48948    0.02312
       175      -0.74    6.71308    0.02379
       175      -0.73    6.78037    0.02347
       175      -0.72    6.63980    0.02718
       175      -0.71    7.06306    0.02452
       175      -0.70    6.75075    0.02462
       175      -0.69    6.92334    0.02375
       175      -0.68    7.01497    0.02335
       175      -0.67    6.89190    0.02381
       175      -0.66    6.95994    0.02344
       175      -0.65    7.02762    0.02414
       175      -0.64    7.21850    0.02353
       175      -0.63    7.32188    0.02638
       175      -0.62    7.85305    0.02396
       175      -0.61    7.40128    0.02411
       175      -0.60    7.33217    0.02255
       175      -0.59    7.36498    0.02355
       175      -0.58    7.44900    0.02438
       175      -0.57    7.49307    0.02828
       175      -0.56    7.83477    0.02321
       175      -0.55    7.53737    0.02335
       175      -0.54    8.00087    0.02342
       175      -0.53    7.82422    0.02548
       175      -0.52    8.01425    0.02436
       175      -0.51    7.94876    0.02384
       175      -0.50    8.24550    0.02419
       175      -0.49    8.30891    0.02433
       175      -0.48    8.33527    0.02490
       175      -0.47    8.69427    0.02344
       175      -0.46    8.88687    0.02446
       175      -0.45    8.70617    0.02432
       175      -0.44    9.01651    0.02380
       175      -0.43    8.94738    0.02487
       175      -0.42    8.83880    0.02366
       175      -0.41    8.85848    0.02317
       175      -0.40    9.20345    0.02480
       175      -0.39    9.60819    0.02660
       175      -0.38    9.73582    0.03247
       175      -0.37    9.65433    0.02423
       175      -0.36    9.97824    0.02631
       175      -0.35   10.17965    0.02484
       175      -0.34   10.23767    0.02407
       175      -0.33   10.89304    0.02463
       175      -0.32   10.85486    0.02745
       175      -0.31   10.92769    0.02502
       175      -0.30   11.49717    0.02463
       175      -0.29   11.97362    0.02671
       175      -0.28   12.37836    0.02569
       175      -0.27   12.10311    0.02623
       175      -0.26   12.49980    0.02624
       175      -0.25   12.75906    0.02689
       175      -0.24   12.98936    0.02649
       175      -0.23   13.64763    0.03040
       175      -0.22   14.20336    0.02723
       175      -0.21   15.12905    0.02731
       175      -0.20   14.69463    0.02725
       175      -0.19   15.61090    0.03358
       175      -0.18   16.25391    0.02383
       175      -0.17   16.92436    0.02354
       175      -0.16   17.98239    0.02389
       175      -0.15   18.44348    0.02427
       175      -0.14   19.21428    0.02392
       175      -0.13   20.56654    0.02380
       175      -0.12   20.79716    0.02422
       175      -0.11   21.79682    0.02544
       175      -0.10   23.74884    0.02364
       175      -0.09   24.48149    0.02492
       175      -0.08   26.63399    0.02718
       175      -0.07   28.49018    0.02459
       175      -0.06   32.03727    0.02528
       175      -0.05   32.41416    0.02575
       175      -0.04   36.21817    0.02560
       175      -0.03   39.63525    0.02551
       175      -0.02   41.91322    0.02650
       175      -0.01   46.92683    0.02715
       175       0.00   14.10106    0.02765
       175       0.01   57.77202    0.02833
       175       0.02   -1.00000    0.02920
       175       0.03   -1.00000    0.02865
       175       0.04   -1.00000    0.02691
       175       0.05   -1.00000    0.02683
       175       0.06   -1.00000    0.02790
       175       0.07   -1.00000    0.02659
       175       0.08   -1.00000    0.02726
       175       0.09   -1.00000    0.02513
       175       0.10   29.43231    0.02564
       175       0.11   22.47196    0.02693
       175       0.12   19.65505    0.02942
       175       0.13   18.09852    0.02934
       175       0.14   17.18665    0.02686
       175       0.15   16.27783    0.02612
       175       0.16   15.91967    0.02558
       175       0.17   15.74385    0.02566
       175       0.18   15.31445    0.02617
       175       0.19   12.89991    0.03235
       175       0.20   12.61073    0.02635
       175       0.21   12.41548    0.02568
       175       0.22   12.10071    0.02586
       175       0.23   12.09805    0.02902
       175       0.24   11.88586    0.02740
       175       0.25   11.70362    0.02661
       175       0.26   11.68443    0.02658
       175       0.27   11.48782    0.02622
       175       0.28   11.55385    0.02506
       175       0.29   11.60663    0.02703
       175       0.30   11.57203    0.02574
       175       0.31   11.44398    0.02581
       175       0.32   11.47594    0.02917
       175       0.33   11.58874    0.02573
       175       0.34   11.49476    0.02587
       175       0.35   11.56932    0.02494
       175       0.36   11.67502    0.02580
       175       0.37   11.67932    0.05177
       175       0.38   11.70389    0.03019
       175       0.39   11.75862    0.02549
       175       0.40   10.44527    0.02557
       175       0.41   10.44378    0.02488
       175       0.42   10.44886    0.02539
       175       0.43   10.47778    0.02588
       175       0.44   10.29148    0.02583
       175       0.45   10.27179    0.02607
       175       0.46   10.39811    0.02398
       175       0.47   10.27696    0.02572
       175       0.48   10.24286    0.02544
       175       0.49   10.22083    0.02489
       175       0.50   10.12351    0.02558
       175       0.51   10.22181    0.02482
       175       0.52   10.21875    0.02719
       175       0.53   10.26491    0.02675
       175       0.54   10.06640    0.02553
       175       0.55   10.09177    0.02555
       175       0.56   10.03884    0.02605
       175       0.57   10.14013    0.02934
       175       0.58   10.00389    0.02606
       175       0.59    9.99422    0.02610
       175       0.60    9.99176    0.02758
       175       0.61    9.97785    0.03668
       175       0.62   10.05328    0.02593
       175       0.63   10.07299    0.03901
       175       0.64    9.87046    0.02754
       175       0.65    9.92235    0.02438
       175       0.66    9.94988    0.02511
       175       0.67    9.94969    0.02685
       175       0.68    9.88359    0.04025
       175       0.69    9.93768    0.02628
       175       0.70   10.03339    0.02894
       175       0.71    9.76294    0.03972
       175       0.72    9.85314    0.03869
       175       0.73    9.88931    0.02519
       175       0.74    9.81178    0.02700
       175       0.75    9.84556    0.03577
       175       0.76    9.77615    0.03204
       175       0.77    9.89179    0.03291
       175       0.78    9.79237    0.03224
       175       0.79    9.67438    0.02647
       175       0.80    9.64977    0.03358
       175       0.81    9.69345    0.02812
       175       0.82    9.75226    0.02561
       175       0.83    9.76276    0.02536
       175       0.84    9.64121    0.02661
       175       0.85    9.69064    0.03323
       175       0.86    9.78370    0.02666
       175       0.87    9.67985    0.02579
       175       0.88    9.76160    0.02574
       175       0.89    9.72499    0.02615
       175       0.90    9.64796    0.02794
       175       0.91    9.67306    0.02761
       175       0.92    9.65801    0.02539
       175       0.93    9.60739    0.02585
       175       0.94    9.67503    0.02704
       175       0.95    9.63212    0.03082
       175       0.96    9.69216    0.02939
       175       0.97    9.68213    0.02435
       175       0.98    9.67665    0.03064
       175       0.99    9.64656    0.02758
       175       1.00    9.65651    0.02552
       225      -0.99   10.54758    0.03033
       225      -0.98   10.56133    0.03021
       225      -0.97   10.85311    0.03020
       225      -0.96   10.93320    0.03313
       225      -0.95   10.73816    0.02979
       225      -0.94   10.90078    0.02973
       225      -0.93   10.98380    0.02922
       225      -0.92   10.88655    0.03034
       225      -0.91   11.17788    0.03004
       225      -0.90   11.02107    0.03031
       225      -0.89   10.89109    0.03521
       225      -0.88   11.16826    0.03017
       225      -0.87   11.18420    0.02943
       225      -0.86   11.07990    0.03043
       225      -0.85   11.17398    0.03144
       225      -0.84   11.33815    0.03051
       225      -0.83   11.26365    0.03039
       225      -0.82   11.52144    0.03682
       225      -0.81   11.46906    0.02942
       225      -0.80   12.11270    0.03021
       225      -0.79   11.68528    0.03055
       225      -0.78   11.63950    0.03077
       225      -0.77   12.07662    0.03376
       225      -0.76   11.69841    0.02937
       225      -0.75   12.24684    0.03004
       225      -0.74   12.15777    0.03179
       225      -0.73   11.79093    0.03082
       225      -0.72   12.11428    0.03050
       225      -0.71   12.17936    0.03026
       225      -0.70   11.91889    0.03340
       225      -0.69   12.88785    0.03196
       225      -0.68   12.46692    0.03036
       225      -0.67   12.27223    0.03576
       225      -0.66   12.48950    0.03133
       225      -0.65   12.76699    0.03232
       225      -0.64   13.13373    0.03150
       225      -0.63   13.10253    0.03006
       225      -0.62   13.67916    0.03150
       225      -0.61   13.63105    0.03156
       225      -0.60   12.96437    0.03758
       225      -0.59   13.45326    0.03182
       225      -0.58   13.69239    0.03272
       225      -0.57   13.61765    0.02977
       225      -0.56   13.47922    0.03146
       225      -0.55   14.00679    0.03216
       225      -0.54   14.05003    0.03229
       225      -0.53   14.05283    0.03163
       225      -0.52   14.74024    0.03213
       225      -0.51   14.43579    0.03570
       225      -0.50   14.71635    0.02970
       225      -0.49   14.70869    0.03000
       225      -0.48   14.73373    0.03431
       225      -0.47   15.28079    0.03123
       225      -0.46   15.76847    0.03081
       225      -0.45   15.54907    0.03813
       225      -0.44   15.45694    0.03609
       225      -0.43   15.58281    0.03222
       225      -0.42   15.46247    0.03120
       225      -0.41   16.44091    0.03543
       225      -0.40   16.04301    0.03220
       225      -0.39   16.73840    0.03228
       225      -0.38   16.89923    0.03043
       225      -0.37   17.23981    0.03238
       225      -0.36   17.41755    0.03207
       225      -0.35   17.26087    0.03330
       225      -0.34   18.39332    0.03177
       225      -0.33   18.29379    0.03297
       225      -0.32   18.81567    0.03264
       225      -0.31   18.81887    0.03157
       225      -0.30   19.40246    0.03714
       225      -0.29   20.05738    0.03213
       225      -0.28   21.06448    0.03497
       225      -0.27   20.01929    0.03291
       225      -0.26   20.87446    0.03689
       225      -0.25   21.20082    0.03320
       225      -0.24   21.75749    0.03247
       225      -0.23   22.65808    0.03670
       225      -0.22   23.75607    0.03529
       225      -0.21   25.47754    0.03407
       225      -0.20   24.51052    0.03478
       225      -0.19   26.36583    0.03529
       225      -0.18   27.32453    0.03152
       225      -0.17   28.64511    0.03330
       225      -0.16   30.20853    0.03079
       225      -0.15   30.98866    0.03220
       225      -0.14   31.93917    0.03163
       225      -0.13   34.11664    0.03215
       225      -0.12   34.70935    0.03181
       225      -0.11   36.87138    0.03221
       225      -0.10   39.76969    0.03453
       225      -0.09   41.14066    0.03206
       225      -0.08   44.54950    0.03736
       225      -0.07   47.89678    0.03414
       225      -0.06   53.66252    0.03261
       225      -0.05   54.19111    0.03306
       225      -0.04   -1.00000    0.03346
       225      -0.03   -1.00000    0.03463
       225      -0.02   -1.00000    0.03548
       225      -0.01   -1.00000    0.04094
       225       0.00   27.64590    0.02976
       225       0.01   -1.00000    0.03648
       225       0.02   -1.00000    0.03605
       225       0.03   -1.00000    0.03609
       225       0.04   -1.00000    0.03728
       225       0.05   -1.00000    0.03699
       225       0.06   -1.00000    0.03774
       225       0.07   -1.00000    0.03784
       225       0.08   -1.00000    0.04179
       225       0.09   -1.00000    0.03929
       225       0.10   -1.00000    0.03726
       225       0.11   57.36330    0.03674
       225       0.12   45.66027    0.03593
       225       0.13   39.79339    0.03595
       225       0.14   36.71155    0.04098
       225       0.15   34.33269    0.03861
       225       0.16   32.40553    0.03730
       225       0.17   31.35216    0.03447
       225       0.18   30.74352    0.03473
       225       0.19   28.71787    0.03582
       225       0.20   28.16677    0.03717
       225       0.21   27.36246    0.03655
       225       0.22   26.99281    0.03645
       225       0.23   26.17177    0.03665
       225       0.24   25.96884    0.03553
       225       0.25   25.38206    0.03428
       225       0.26   25.44504    0.03566
       225       0.27   24.78572    0.03791
       225       0.28   24.70743    0.03537
       225       0.29   24.17721    0.04029
       225       0.30   24.16413    0.03723
       225       0.31   23.98709    0.03569
       225       0.32   23.77169    0.03451
       225       0.33   23.52382    0.03431
       225       0.34   23.27416    0.03531
       225       0.35   23.23326    0.03788
       225       0.36   23.17456    0.03974
       225       0.37   23.01770    0.03333
       225       0.38   23.01380    0.05315
       225       0.39   22.76649    0.03305
       225       0.40   22.68451    0.03373
       225       0.41   22.69151    0.03418
       225       0.42   22.64585    0.03441
       225       0.43   22.32279    0.03388
       225       0.44   22.44457    0.03389
       225       0.45   22.27153    0.03318
       225       0.46   22.50447    0.03433
       225       0.47   22.18346    0.03430
       225       0.48   22.22955    0.03547
       225       0.49   22.15964    0.03417
       225       0.50   21.96702    0.03642
       225       0.51   21.83878    0.03939
       225       0.52   21.90832    0.03350
       225       0.53   21.78422    0.03408
       225       0.54   21.83535    0.03448
       225       0.55   21.94063    0.03631
       225       0.56   21.78749    0.03500
       225       0.57   21.60896    0.03316
       225       0.58   21.70064   -1.00000
       225       0.59   21.58166    0.03593
       225       0.60   21.58325    0.04084
       225       0.61   21.42742    0.03604
       225       0.62   21.40596    0.03629
       225       0.63   21.57563    0.03535
       225       0.64   21.31457   -1.00000
       225       0.65   21.28871    0.03477
       225       0.66   21.31215    0.04058
       225       0.67   21.32484    0.03584
       225       0.68   21.18608    0.03416
       225       0.69   21.19013    0.03824
       225       0.70   21.18883   -1.00000
       225       0.71   21.05517    0.05629
       225       0.72   21.04494   -1.00000
       225       0.73   21.10546   -1.00000
       225       0.74   20.96411    0.04187
       225       0.75   21.02133    0.03554
       225       0.76   21.12750    0.03739
       225       0.77   21.22701    0.04611
       225       0.78   20.99248   -1.00000
       225       0.79   21.08043    0.03596
       225       0.80   20.96671   -1.00000
       225       0.81   20.85068   -1.00000
       225       0.82   21.04570   -1.00000
       225       0.83   20.87617   -1.00000
       225       0.84   20.88702   -1.00000
       225       0.85   21.03348   -1.00000
       225       0.86   20.77367   -1.00000
       225       0.87   20.75024   -1.00000
       225       0.88   20.72482   -1.00000
       225       0.89   20.62745   -1.00000
       225       0.90   20.66037   -1.00000
       225       0.91   20.79263   -1.00000
       225       0.92   20.70781   -1.00000
       225       0.93   20.69873   -1.00000
       225       0.94   20.84233   -1.00000
       225       0.95   20.75628   -1.00000
       225       0.96   20.62510   -1.00000
       225       0.97   20.66592   -1.00000
       225       0.98   20.46033   -1.00000
       225       0.99   20.44822   -1.00000
       225       1.00   20.44880   -1.00000
       275      -0.99   17.52843    0.03634
       275      -0.98   17.36106    0.03874
       275      -0.97   17.49388    0.03676
       275      -0.96   17.49490    0.03630
       275      -0.95   17.39455    0.04222
       275      -0.94   18.35008    0.03605
       275      -0.93   17.58939    0.03746
       275      -0.92   17.82106    0.03712
       275      -0.91   17.81156    0.04042
       275      -0.90   17.95067    0.03698
       275      -0.89   17.76550    0.04330
       275      -0.88   18.28974    0.03717
       275      -0.87   18.17194    0.03925
       275      -0.86   17.83659    0.03607
       275      -0.85   18.09662    0.03723
       275      -0.84   18.40016    0.04367
       275      -0.83   18.36230    0.03654
       275      -0.82   18.53335    0.03840
       275      -0.81   18.47987    0.03771
       275      -0.80   18.81970    0.03676
       275      -0.79   18.90072    0.03638
       275      -0.78   19.05629    0.04543
       275      -0.77   19.00902    0.03793
       275      -0.76   19.27782    0.03760
       275      -0.75   19.10998    0.03829
       275      -0.74   18.96956    0.03626
       275      -0.73   19.21335    0.04382
       275      -0.72   19.38375    0.03894
       275      -0.71   19.61826    0.03815
       275      -0.70   19.71100    0.04167
       275      -0.69   19.73531    0.03899
       275      -0.68   19.74354    0.03907
       275      -0.67   19.84231    0.04539
       275      -0.66   19.79468    0.03878
       275      -0.65   20.21258    0.03966
       275      -0.64   20.20537    0.03865
       275      -0.63   20.66473    0.03927
       275      -0.62   20.88000    0.04739
       275      -0.61   20.91192    0.03909
       275      -0.60   20.41070    0.03805
       275      -0.59   21.23618    0.03660
       275      -0.58   22.11929    0.03751
       275      -0.57   21.28571    0.03947
       275      -0.56   21.70179    0.04501
       275      -0.55   22.27442    0.03764
       275      -0.54   21.98749    0.04270
       275      -0.53   22.13597    0.04055
       275      -0.52   22.44076    0.03978
       275      -0.51   22.13233    0.04477
       275      -0.50   23.77610    0.04237
       275      -0.49   22.88631    0.03956
       275      -0.48   23.63167    0.03771
       275      -0.47   23.38517    0.04072
       275      -0.46   23.69412    0.03951
       275      -0.45   23.66894    0.04318
       275      -0.44   23.74763    0.04173
       275      -0.43   23.67021    0.03878
       275      -0.42   23.52706    0.04212
       275      -0.41   25.21312    0.03827
       275      -0.40   25.62365    0.04534
       275      -0.39   24.90542    0.04072
       275      -0.38   25.35847    0.04069
       275      -0.37   26.17147    0.04020
       275      -0.36   25.74923    0.04476
       275      -0.35   26.39962    0.04116
       275      -0.34   26.91229    0.04401
       275      -0.33   27.74989    0.04175
       275      -0.32   29.73299    0.04313
       275      -0.31   28.53133    0.03992
       275      -0.30   30.70161    0.04062
       275      -0.29   29.82019    0.04547
       275      -0.28   31.08853    0.03995
       275      -0.27   30.97062    0.04023
       275      -0.26   31.99049    0.04034
       275      -0.25   32.45469    0.04041
       275      -0.24   32.33526    0.04429
       275      -0.23   33.62637    0.04499
       275      -0.22   34.93770    0.07087
       275      -0.21   37.67046    0.04095
       275      -0.20   36.29558    0.04563
       275      -0.19   39.17480    0.04301
       275      -0.18   40.02000    0.04522
       275      -0.17   42.12889    0.03969
       275      -0.16   44.07560    0.03961
       275      -0.15   45.63413    0.04000
       275      -0.14   46.88043    0.03918
       275      -0.13   50.57474    0.04243
       275      -0.12   51.58457    0.04533
       275      -0.11   54.23031    0.04035
       275      -0.10   58.64616    0.03996
       275      -0.09   -1.00000    0.03977
       275      -0.08   -1.00000    0.04043
       275      -0.07   -1.00000    0.04545
       275      -0.06   -1.00000    0.04104
       275      -0.05   -1.00000    0.03962
       275      -0.04   -1.00000    0.04143
       275      -0.03   -1.00000    0.04190
       275      -0.02   -1.00000    0.04376
       275      -0.01   -1.00000    0.05099
       275       0.00   45.71989    0.03691
       275       0.01   -1.00000    0.04593
       275       0.02   -1.00000    0.04478
       275       0.03   -1.00000    0.04605
       275       0.04   -1.00000    0.05097
       275       0.05   -1.00000    0.04802
       275       0.06   -1.00000    0.04784
       275       0.07   -1.00000    0.04834
       275       0.08   -1.00000    0.04828
       275       0.09   -1.00000    0.05193
       275       0.10   -1.00000    0.05311
       275       0.11   -1.00000    0.04578
       275       0.12   -1.00000    0.04612
       275       0.13   -1.00000    0.04586
       275       0.14   -1.00000    0.04731
       275       0.15   -1.00000    0.05095
       275       0.16   -1.00000    0.04408
       275       0.17   57.44086    0.04561
       275       0.18   55.08741    0.04817
       275       0.19   53.36516    0.04998
       275       0.20   51.96863    0.04518
       275       0.21   50.62388    0.05654
       275       0.22   49.03061    0.04427
       275       0.23   48.24086    0.04865
       275       0.24   47.66566    0.04504
       275       0.25   46.50968    0.04677
       275       0.26   46.01922    0.05134
       275       0.27   45.15856    0.05007
       275       0.28   44.88248    0.04524
       275       0.29   44.48912    0.04738
       275       0.30   43.80894    0.04506
       275       0.31   43.69653    0.04482
       275       0.32   43.48608    0.05148
       275       0.33   43.12395    0.04468
       275       0.34   42.95891    0.04632
       275       0.35   42.58997    0.04419
       275       0.36   42.28600    0.04120
       275       0.37   41.96102    0.04811
       275       0.38   41.66625    0.04721
       275       0.39   41.57501    0.04807
       275       0.40   41.19928    0.04275
       275       0.41   41.15143    0.04445
       275       0.42   41.06480    0.04346
       275       0.43   41.02552    0.05110
       275       0.44   40.62728    0.04241
       275       0.45   40.29860   -1.00000
       275       0.46   40.49476    0.04489
       275       0.47   40.43017    0.04589
       275       0.48   40.08405    0.06489
       275       0.49   39.91489    0.06337
       275       0.50   39.84151    0.04613
       275       0.51   39.71341   -1.00000
       275       0.52   39.56027    0.04952
       275       0.53   39.46305    0.05773
       275       0.54   39.48817    0.07595
       275       0.55   39.53273    0.04669
       275       0.56   39.44210    0.06324
       275       0.57   39.45428    0.04449
       275       0.58   39.10936    0.04300
       275       0.59   38.94899    0.04828
       275       0.60   38.93656    0.04979
       275       0.61   38.83867    0.04882
       275       0.62   38.82587    0.04508
       275       0.63   38.98077    0.04738
       275       0.64   38.56766    0.05076
       275       0.65   38.31925    0.05899
       275       0.66   38.48392   -1.00000
       275       0.67   38.48566    0.04860
       275       0.68   38.55577   -1.00000
       275       0.69   38.32423    0.05009
       275       0.70   38.33527    0.05153
       275       0.71   38.20976    0.07121
       275       0.72   38.15064    0.06957
       275       0.73   38.28143   -1.00000
       275       0.74   38.18094    0.05357
       275       0.75   37.80297   -1.00000
       275       0.76   37.94104    0.04823
       275       0.77   38.15422   -1.00000
       275       0.78   37.65605   -1.00000
       275       0.79   37.87895   -1.00000
       275       0.80   37.81562   -1.00000
       275       0.81   37.67541   -1.00000
       275       0.82   37.37801   -1.00000
       275       0.83   37.49131   -1.00000
       275       0.84   37.68629   -1.00000
       275       0.85   37.79623   -1.00000
       275       0.86   37.32804   -1.00000
       275       0.87   37.51648   -1.00000
       275       0.88   37.62485   -1.00000
       275       0.89   37.58341   -1.00000
       275       0.90   37.47274   -1.00000
       275       0.91   37.32331   -1.00000
       275       0.92   37.61907   -1.00000
       275       0.93   37.24346   -1.00000
       275       0.94   37.20771   -1.00000
       275       0.95   37.44419   -1.00000
       275       0.96   37.37473   -1.00000
       275       0.97   37.08875   -1.00000
       275       0.98   37.52554   -1.00000
       275       0.99   37.35029   -1.00000
       275       1.00   37.11914   -1.00000
       325      -0.99   26.40438    0.04444
       325      -0.98   26.80492    0.04560
       325      -0.97   27.51286    0.04307
       325      -0.96   27.26000    0.04576
       325      -0.95   26.93384    0.04336
       325      -0.94   27.18734    0.04591
       325      -0.93   26.73751    0.04370
       325      -0.92   27.06344    0.04303
       325      -0.91   27.43066    0.04597
       325      -0.90   27.32241    0.04289
       325      -0.89   27.25098    0.04422
       325      -0.88   27.71820    0.04567
       325      -0.87   27.54823    0.04707
       325      -0.86   27.74708    0.04312
       325      -0.85   27.85227    0.04395
       325      -0.84   28.19453    0.04378
       325      -0.83   27.95225    0.04450
       325      -0.82   28.66801    0.04609
       325      -0.81   28.29203    0.05108
       325      -0.80   28.46397    0.04443
       325      -0.79   28.83954    0.04302
       325      -0.78   28.39828    0.04389
       325      -0.77   28.98349    0.04549
       325      -0.76   30.24137    0.05015
       325      -0.75   28.70006    0.04421
       325      -0.74   29.36274    0.04463
       325      -0.73   28.63567    0.04558
       325      -0.72   29.01132    0.04392
       325      -0.71   29.33086    0.04984
       325      -0.70   30.11781    0.04428
       325      -0.69   30.34890    0.04421
       325      -0.68   29.63457    0.04520
       325      -0.67   29.91300    0.04313
       325      -0.66   30.18266    0.05107
       325      -0.65   30.45328    0.04690
       325      -0.64   30.40010    0.04490
       325      -0.63   30.51673    0.04534
       325      -0.62   30.63973    0.04558
       325      -0.61   31.08827    0.04400
       325      -0.60   31.47860    0.04961
       325      -0.59   31.28752    0.07303
       325      -0.58   32.96323    0.04627
       325      -0.57   31.89714    0.04497
       325      -0.56   32.20276    0.04733
       325      -0.55   32.83773    0.04629
       325      -0.54   32.58792    0.04577
       325      -0.53   32.90404    0.04619
       325      -0.52   32.18306    0.04549
       325      -0.51   34.68065    0.04606
       325      -0.50   34.15501    0.04615
       325      -0.49   34.39891    0.04720
       325      -0.48   35.12218    0.04599
       325      -0.47   34.39926    0.05425
       325      -0.46   34.15145    0.04487
       325      -0.45   35.31630    0.04794
       325      -0.44   36.02093    0.04732
       325      -0.43   34.79390    0.04526
       325      -0.42   35.22354    0.05122
       325      -0.41   35.72444    0.04682
       325      -0.40   37.51030    0.05135
       325      -0.39   36.79295    0.04752
       325      -0.38   36.53903    0.05052
       325      -0.37   36.79304    0.05108
       325      -0.36   37.82674    0.05061
       325      -0.35   37.98607    0.04817
       325      -0.34   38.21164    0.04921
       325      -0.33   40.40781    0.04782
       325      -0.32   42.83451    0.05422
       325      -0.31   41.58689    0.04850
       325      -0.30   44.16220    0.04729
       325      -0.29   42.58683    0.04506
       325      -0.28   43.89395    0.04664
       325      -0.27   43.50668    0.05327
       325      -0.26   45.04432    0.04608
       325      -0.25   45.77458    0.04915
       325      -0.24   45.80551    0.04829
       325      -0.23   47.31089    0.04859
       325      -0.22   49.76355    0.04734
       325      -0.21   52.80201    0.04765
       325      -0.20   50.66343    0.04817
       325      -0.19   54.88143    0.04779
       325      -0.18   56.59924    0.04733
       325      -0.17   59.19291    0.04884
       325      -0.16   -1.00000    0.04677
       325      -0.15   -1.00000    0.04689
       325      -0.14   -1.00000    0.04810
       325      -0.13   -1.00000    0.04647
       325      -0.12   -1.00000    0.04864
       325      -0.11   -1.00000    0.04752
       325      -0.10   -1.00000    0.05003
       325      -0.09   -1.00000    0.04657
       325      -0.08   -1.00000    0.05677
       325      -0.07   -1.00000    0.04816
       325      -0.06   -1.00000    0.04899
       325      -0.05   -1.00000    0.05063
       325      -0.04   -1.00000    0.04885
       325      -0.03   -1.00000    0.05697
       325      -0.02   -1.00000    0.05275
       325      -0.01   -1.00000    0.05571
       325       0.00   -1.00000    0.04253
       325       0.01   -1.00000    0.05837
       325       0.02   -1.00000    0.06199
       325       0.03   -1.00000    0.05430
       325       0.04   -1.00000    0.05701
       325       0.05   -1.00000    0.05806
       325       0.06   -1.00000    0.05869
       325       0.07   -1.00000    0.05916
       325       0.08   -1.00000    0.05475
       325       0.09   -1.00000    0.06087
       325       0.10   -1.00000    0.06110
       325       0.11   -1.00000    0.05874
       325       0.12   -1.00000    0.05764
       325       0.13   -1.00000    0.05258
       325       0.14   -1.00000    0.05643
       325       0.15   -1.00000    0.05598
       325       0.16   -1.00000    0.05233
       325       0.17   -1.00000    0.05638
       325       0.18   -1.00000    0.05432
       325       0.19   -1.00000    0.05103
       325       0.20   -1.00000    0.05411
       325       0.21   -1.00000    0.05740
       325       0.22   -1.00000    0.05416
       325       0.23   -1.00000    0.05529
       325       0.24   -1.00000    0.05763
       325       0.25   -1.00000    0.05864
       325       0.26   -1.00000    0.05755
       325       0.27   -1.00000    0.06091
       325       0.28   -1.00000    0.05489
       325       0.29   -1.00000    0.05805
       325       0.30   -1.00000    0.05799
       325       0.31   -1.00000    0.06147
       325       0.32   -1.00000    0.05837
       325       0.33   -1.00000    0.05811
       325       0.34   -1.00000    0.10153
       325       0.35   -1.00000    0.05138
       325       0.36   -1.00000    0.06208
       325       0.37   -1.00000    0.05182
       325       0.38   -1.00000   -1.00000
       325       0.39   -1.00000    0.08445
       325       0.40   -1.00000   -1.00000
       325       0.41   -1.00000    0.06441
       325       0.42   -1.00000    0.05476
       325       0.43   -1.00000    0.05321
       325       0.44   -1.00000   -1.00000
       325       0.45   -1.00000    0.08069
       325       0.46   -1.00000    0.05420
       325       0.47   -1.00000   -1.00000
       325       0.48   -1.00000    0.05329
       325       0.49   -1.00000    0.06190
       325       0.50   -1.00000    0.05885
       325       0.51   -1.00000    0.05449
       325       0.52   -1.00000    0.07469
       325       0.53   -1.00000    0.05480
       325       0.54   -1.00000    0.06161
       325       0.55   -1.00000   -1.00000
       325       0.56   -1.00000    0.07134
       325       0.57   -1.00000   -1.00000
       325       0.58   -1.00000    0.05538
       325       0.59   -1.00000    0.05731
       325       0.60   -1.00000    0.06203
       325       0.61   -1.00000   -1.00000
       325       0.62   -1.00000    0.08465
       325       0.63   -1.00000   -1.00000
       325       0.64   -1.00000   -1.00000
       325       0.65   -1.00000    0.05656
       325       0.66   -1.00000    0.08489
       325       0.67   -1.00000    0.08909
       325       0.68   -1.00000   -1.00000
       325       0.69   -1.00000    0.06646
       325       0.70   -1.00000   -1.00000
       325       0.71   -1.00000   -1.00000
       325       0.72   -1.00000    0.09454
       325       0.73   -1.00000   -1.00000
       325       0.74   -1.00000    0.06276
       325       0.75   -1.00000   -1.00000
       325       0.76   -1.00000   -1.00000
       325       0.77   -1.00000   -1.00000
       325       0.78   -1.00000   -1.00000
       325       0.79   -1.00000   -1.00000
       325       0.80   -1.00000   -1.00000
       325       0.81   -1.00000   -1.00000
       325       0.82   -1.00000   -1.00000
       325       0.83   -1.00000   -1.00000
       325       0.84   -1.00000   -1.00000
       325       0.85   -1.00000   -1.00000
       325       0.86   -1.00000   -1.00000
       325       0.87   -1.00000   -1.00000
       325       0.88   -1.00000   -1.00000
       325       0.89   -1.00000   -1.00000
       325       0.90   -1.00000   -1.00000
       325       0.91   -1.00000   -1.00000
       325       0.92   -1.00000   -1.00000
       325       0.93   -1.00000   -1.00000
       325       0.94   -1.00000   -1.00000
       325       0.95   -1.00000   -1.00000
       325       0.96   -1.00000   -1.00000
       325       0.97   -1.00000   -1.00000
       325       0.98   -1.00000   -1.00000
       325       0.99   -1.00000   -1.00000
       325       1.00   -1.00000   -1.00000
       375      -0.99   38.85892    0.05259
       375      -0.98   39.14854    0.05212
       375      -0.97   38.26227    0.04892
       375      -0.96   39.04866    0.05106
       375      -0.95   39.04808    0.05038
       375      -0.94   40.47746    0.05231
       375      -0.93   38.99123    0.05690
       375      -0.92   39.87805    0.05100
       375      -0.91   39.80236    0.04944
       375      -0.90   39.61876    0.05243
       375      -0.89   39.60549    0.05922
       375      -0.88   40.08137    0.05034
       375      -0.87   39.53198    0.05077
       375      -0.86   40.00001    0.05142
       375      -0.85   39.86638    0.05223
       375      -0.84   39.80986    0.05175
       375      -0.83   39.62600    0.04965
       375      -0.82   40.80748    0.05108
       375      -0.81   40.21922    0.05489
       375      -0.80   40.65161    0.05158
       375      -0.79   40.16699    0.05302
       375      -0.78   40.56067    0.05063
       375      -0.77   40.93531    0.05059
       375      -0.76   41.04962    0.05856
       375      -0.75   40.71559    0.05298
       375      -0.74   41.32563    0.05075
       375      -0.73   41.24773    0.05232
       375      -0.72   41.77855    0.06090
       375      -0.71   41.57342    0.05269
       375      -0.70   42.05461    0.05249
       375      -0.69   42.42454    0.05269
       375      -0.68   42.27685    0.05372
       375      -0.67   43.10618    0.05276
       375      -0.66   42.45854    0.05222
       375      -0.65   43.02634    0.05288
       375      -0.64   43.68867    0.05316
       375      -0.63   43.53267    0.05573
       375      -0.62   43.17091    0.05484
       375      -0.61   43.35261    0.05344
       375      -0.60   43.52903    0.05476
       375      -0.59   44.81974    0.06061
       375      -0.58   44.24379    0.05495
       375      -0.57   44.58277    0.05295
       375      -0.56   44.28550    0.05251
       375      -0.55   47.14441    0.06229
       375      -0.54   46.44210    0.05469
       375      -0.53   46.13202    0.05521
       375      -0.52   45.86468    0.05699
       375      -0.51   48.22570    0.05571
       375      -0.50   47.57360    0.05527
       375      -0.49   49.62711    0.05273
       375      -0.48   49.55327    0.05539
       375      -0.47   48.79188    0.05372
       375      -0.46   47.87873    0.05368
       375      -0.45   49.52758    0.05288
       375      -0.44   48.91398    0.05326
       375      -0.43   48.18520    0.05059
       375      -0.42   49.26067    0.06009
       375      -0.41   50.63578    0.06773
       375      -0.40   50.17072    0.05348
       375      -0.39   52.02518    0.05286
       375      -0.38   50.09992    0.06481
       375      -0.37   52.17709    0.05490
       375      -0.36   53.16311    0.05636
       375      -0.35   52.62058    0.05628
       375      -0.34   53.77777    0.05602
       375      -0.33   53.86634    0.05377
       375      -0.32   56.77529    0.05487
       375      -0.31   56.81648    0.05394
       375      -0.30   58.17533    0.05566
       375      -0.29   59.02369    0.05362
       375      -0.28   58.35332    0.05247
       375      -0.27   58.78161    0.05382
       375      -0.26   -1.00000    0.05415
       375      -0.25   -1.00000    0.06483
       375      -0.24   -1.00000    0.05542
       375      -0.23   -1.00000    0.05558
       375      -0.22   -1.00000    0.05657
       375      -0.21   -1.00000    0.06850
       375      -0.20   -1.00000    0.05988
       375      -0.19   -1.00000    0.05644
       375      -0.18   -1.00000    0.05787
       375      -0.17   -1.00000    0.05373
       375      -0.16   -1.00000    0.05623
       375      -0.15   -1.00000    0.05608
       375      -0.14   -1.00000    0.05563
       375      -0.13   -1.00000    0.05562
       375      -0.12   -1.00000    0.05542
       375      -0.11   -1.00000    0.05618
       375      -0.10   -1.00000    0.05487
       375      -0.09   -1.00000    0.05341
       375      -0.08   -1.00000    0.06336
       375      -0.07   -1.00000    0.05753
       375      -0.06   -1.00000    0.05618
       375      -0.05   -1.00000    0.05752